hdgjguhvnv
jksHfvnvni
khfbvbvukjv
1111111111
2222222222
1111111111
2222222222
1111111111
2222222222
1111111111
2222222222
1111111111
2222222222
1111111111
2222222222
1111111111
2222222222
1111111111
2222222222
1111111111
2222222222
1111111111
2222222222
1111111111
2222222222
1111111111
2222222222
1111111111
2222222222
1111111111
2222222222
1111111111
2222222222
1111111111
2222222222
1111111111
2222222222
1111111111
2222222222
1111111111
2222222222
1111111111
2222222222
1111111111
2222222222
1111111111
2222222222
1111111111
2222222222
1111111111
2222222222
1111111111
2222222222
1111111111
2222222222
1111111111
2222222222
1111111111
2222222222
1111111111
2222222222
1111111111
2222222222
1111111111
2222222222
1111111111
2222222222
1111111111
2222222222
1111111111
2222222222
1111111111
2222222222
1111111111
2222222222
1111111111
2222222222
1111111111
2222222222
1111111111
2222222222
1111111111
2222222222
1111111111
2222222222
1111111111
2222222222
1111111111
2222222222
1111111111
2222222222
1111111111
2222222222
1111111111
2222222222
1111111111
2222222222
1111111111
2222222222
1111111111
2222222222
1111111111
2222222222
1111111111
2222222222
1111111111
2222222222
1111111111
2222222222
1111111111
2222222222
1111111111
2222222222
1111111111
2222222222
1111111111
2222222222
1111111111
2222222222
1111111111
2222222222
1111111111
2222222222
1111111111
2222222222
1111111111
2222222222
1111111111
2222222222
1111111111
2222222222
1111111111
2222222222
1111111111
2222222222
1111111111
2222222222
1111111111
2222222222
1111111111
2222222222
1111111111
2222222222
1111111111
2222222222
1111111111
2222222222
1111111111
2222222222
1111111111
2222222222
1111111111
2222222222
1111111111
2222222222
1111111111
2222222222
1111111111
2222222222
1111111111
2222222222
1111111111
2222222222
1111111111
2222222222
1111111111
2222222222
1111111111
2222222222
1111111111
2222222222
1111111111
2222222222
1111111111
2222222222
1111111111
2222222222
1111111111
2222222222
1111111111
2222222222
1111111111
2222222222
1111111111
2222222222
1111111111
2222222222
1111111111
2222222222
1111111111
2222222222
1111111111
2222222222
1111111111
2222222222
1111111111
2222222222
1111111111
2222222222
1111111111
2222222222
1111111111
2222222222
1111111111
2222222222
1111111111
2222222222
1111111111
2222222222
1111111111
2222222222
1111111111
2222222222
1111111111
2222222222
1111111111
2222222222
1111111111
2222222222
1111111111
2222222222
1111111111
2222222222
1111111111
2222222222

